2.942761	6.506267	-3.020393	1.185786	24.237961	14.021196	-0.401629	2.836613	5.28312	71.568176	66.814255	28.43564	-4.760274
48.763577	34.083782	15.676888	52.952415	92.02153	64.926392	79.394318	124.04364	61.305325	252.638901	247.425003	124.614967	51.423004
155.242249	98.97834	75.547737	176.907288	219.627975	172.084366	285.983856	396.196869	195.707245	544.901611	560.609009	308.740784	200.570297
332.433197	215.538757	211.550018	386.154602	406.819244	341.378418	656.520752	817.317627	432.45282	886.92334	949.637024	581.489136	479.017975
552.487854	376.469666	446.411407	646.314575	628.091736	545.705017	1128.369385	1281.501221	750.661377	1189.759644	1296.890625	890.179993	860.907959
753.069641	545.289246	765.224182	885.979187	855.101685	745.937927	1541.077881	1660.426392	1075.618652	1363.385254	1498.809082	1143.039063	1227.883301
879.229675	685.027832	1108.341309	1053.642822	1084.414551	934.93689	1754.727905	1886.269043	1307.555786	1383.2677	1527.051636	1270.299072	1448.308838
927.980591	787.255981	1357.940552	1160.804199	1318.653564	1141.883789	1751.744019	1980.284668	1397.880737	1311.856079	1431.287598	1262.0625	1493.198853
956.923645	857.484741	1432.458008	1259.561035	1494.752197	1348.779297	1602.8573	2015.773804	1371.588501	1228.320313	1294.101196	1172.998657	1418.31189
1044.924438	892.154053	1392.051758	1359.378662	1560.081909	1449.835449	1403.264526	2039.80249	1271.710571	1161.661865	1172.073242	1073.97998	1292.768799
1199.923462	889.784058	1315.330933	1408.030151	1577.203491	1463.804077	1232.065063	2036.798462	1136.307129	1104.136597	1078.348633	1002.630798	1169.299194
1304.365723	855.593323	1249.724731	1383.285889	1577.12915	1445.279175	1116.011597	1970.700684	1010.304321	1047.443237	1007.599365	958.798218	1078.042725
1336.976563	807.49884	1207.498169	1312.317383	1548.45166	1397.85376	1043.30127	1840.28186	922.612122	992.883301	953.91803	928.566895	1021.886841
1338.965576	774.452515	1183.171021	1228.96582	1495.641846	1331.968018	998.137939	1681.450073	871.549622	945.630371	913.372437	901.213135	989.091492
1304.971069	773.219604	1163.035767	1159.14917	1435.202515	1273.258301	967.66156	1532.665649	845.245422	906.607056	882.817017	876.2146	971.185242
1237.84436	793.51947	1135.269409	1111.459717	1372.611206	1220.594604	942.961426	1410.965576	830.939392	873.348755	856.770508	859.043457	960.531799
1163.134399	817.765869	1103.14624	1079.128052	1307.483887	1165.359985	920.988892	1314.329102	818.890625	844.506226	831.259583	851.174988	952.040283
1093.893433	838.204834	1077.020996	1052.766968	1244.103149	1111.680542	904.584045	1233.819702	806.659607	822.648071	808.634888	848.141785	945.22937
1033.806274	856.178955	1062.589478	1035.967407	1191.585693	1069.609863	897.20282	1163.172729	798.337402	812.063049	794.866272	845.496094	944.346191
989.215637	876.069702	1061.79126	1039.231445	1155.91748	1042.447876	899.728271	1102.856934	798.723389	813.345581	792.925659	843.842773	953.65448
969.138367	897.70105	1072.461548	1060.233276	1135.593262	1027.506836	910.703247	1056.115112	807.958862	821.800842	800.952759	846.71991	972.423462
973.583008	917.238037	1088.594849	1089.401123	1126.615845	1022.812866	927.703064	1022.291626	822.17041	832.336853	815.519897	855.501099	996.110474
992.469421	933.06311	1103.458008	1119.110718	1125.700317	1024.286743	948.200317	996.197998	838.038635	843.058105	834.173035	868.364014	1020.513794
1015.823303	946.34845	1114.093506	1146.0625	1128.833496	1023.955261	969.970825	973.102722	854.337524	854.670959	855.186157	883.311829	1044.142578
1036.216919	958.947693	1121.511597	1169.202271	1133.073608	1016.556702	990.08667	952.756958	871.621948	868.080811	876.872009	899.988586	1067.901489
1047.31311	972.541077	1128.550537	1189.151123	1139.173706	1005.362671	1005.570435	938.131836	890.246582	882.807861	897.499878	919.010071	1092.776733
1048.334595	988.602417	1138.244995	1208.318726	1148.506104	997.062561	1015.524353	930.95874	909.304871	897.472046	916.226379	940.402954	1118.104858
1045.793579	1007.695679	1151.799561	1228.253906	1160.97168	996.601318	1021.572388	930.143982	928.891052	911.569824	933.902588	963.120972	1142.090088
1047.122192	1029.685059	1168.219604	1248.883545	1176.212036	1005.569641	1026.559326	933.538147	950.917603	925.834534	952.426636	985.817017	1163.464478
1055.79834	1054.249268	1185.81311	1269.093994	1192.783813	1021.992493	1032.709351	940.239258	977.442017	941.543396	973.56488	1007.723572	1181.920044
1070.957153	1080.671875	1203.270142	1287.574097	1208.414429	1042.670532	1041.207031	951.215637	1008.363403	959.672791	997.810364	1028.810669	1197.875366
1089.173218	1107.828613	1219.771118	1303.646851	1221.35083	1065.065186	1052.496094	966.505859	1041.136719	980.291748	1024.085205	1049.457031	1212.131104
1108.016602	1134.497681	1234.825073	1317.223633	1231.200806	1087.340332	1066.527344	984.169189	1072.934937	1002.678833	1050.562012	1070.176514	1225.551147
1127.678467	1159.706665	1248.485962	1328.302124	1238.603638	1108.103271	1082.901489	1003.171448	1101.864624	1025.930176	1075.800781	1091.340942	1238.498169
1148.110352	1182.62146	1261.476807	1337.215332	1244.373169	1126.415283	1100.632324	1024.012817	1127.11731	1049.349854	1098.828003	1113.056641	1250.693115
1167.893311	1202.629883	1274.946289	1345.028442	1249.555908	1142.153198	1118.186035	1048.945068	1148.502563	1072.178955	1118.500732	1135.203003	1261.604004
1185.533936	1219.936523	1289.688843	1352.967773	1254.714111	1155.848999	1134.010376	1080.153931	1166.127319	1093.259644	1133.525879	1157.279907	1270.825195
1200.679199	1235.47937	1305.307861	1361.861572	1260.207153	1168.273926	1146.693359	1118.016113	1180.322754	1111.326294	1143.082397	1178.398315	1278.36145
1213.533936	1249.997803	1319.7948	1371.879761	1266.707642	1179.800781	1155.285156	1161.960693	1191.244141	1125.682007	1147.430176	1197.386597	1284.342163
1224.364746	1263.482056	1330.777832	1381.835938	1274.555786	1189.97998	1159.373535	1210.689087	1198.932617	1136.312866	1147.639404	1213.006836	1288.680054
1233.63623	1275.210327	1336.953735	1389.440063	1282.780762	1197.852295	1158.900513	1262.793945	1203.739258	1143.646973	1145.120728	1224.344482	1291.213623
1241.648071	1284.043091	1338.467529	1392.780518	1289.693604	1202.5	1154.348633	1316.374023	1206.331787	1148.29834	1141.092529	1231.156006	1291.721802
1248.262695	1288.880127	1336.663208	1391.112061	1293.481201	1203.498535	1146.716064	1368.622314	1207.422852	1151.109375	1136.481812	1233.814331	1290.049194
1252.754639	1289.249268	1332.958984	1384.559814	1292.746704	1200.977661	1137.402588	1416.374023	1207.680786	1152.959717	1131.897461	1232.950439	1286.322266
1253.998291	1285.568115	1327.723267	1373.851685	1286.858521	1195.023682	1127.692261	1455.987183	1207.384644	1154.31604	1127.638306	1229.434448	1280.965088
1251.089722	1278.633789	1320.430542	1359.840698	1276.142578	1185.793945	1118.368652	1484.119141	1206.201294	1155.153931	1123.469238	1224.373535	1274.373413
1243.656494	1269.082275	1310.558594	1343.123535	1261.629395	1174.148804	1109.590332	1498.240845	1203.326294	1154.977051	1118.717896	1218.631104	1266.599121
1231.984985	1257.482666	1298.249268	1324.335693	1244.405029	1161.477905	1101.023438	1497.643188	1198.053223	1153.044189	1112.737427	1212.668701	1257.463867
1217.313965	1244.466919	1284.071411	1304.411255	1225.372803	1148.536743	1092.204468	1483.627075	1190.225098	1148.672729	1105.541138	1206.509521	1246.998901
1201.272217	1230.496704	1268.609375	1284.359985	1205.061157	1134.838135	1082.889771	1458.716187	1180.098511	1141.687012	1097.467896	1199.771362	1235.519165
1184.749146	1215.716675	1252.243408	1264.644165	1183.833252	1119.549927	1073.114624	1426.131714	1168.234131	1132.515259	1088.869263	1191.990234	1223.465698
1167.976685	1199.980103	1234.987183	1245.270386	1162.162598	1102.633057	1063.101685	1389.031128	1155.198486	1121.641846	1079.968628	1182.87854	1211.191895
1151.340088	1183.145996	1216.738281	1226.256836	1140.283081	1084.749756	1053.058594	1350.232056	1141.453003	1109.484131	1070.868042	1172.377441	1198.884888
1135.884521	1165.261475	1197.52478	1207.807617	1118.257813	1066.841553	1043.009766	1311.814209	1127.299805	1096.230225	1061.550537	1160.537476	1186.477905
1122.093872	1146.553589	1177.167725	1190.279785	1096.117188	1050.029663	1032.627075	1275.012695	1112.760498	1081.836426	1051.794434	1147.41687	1173.53125
1109.016724	1127.443359	1155.360718	1173.825562	1074.103882	1034.731689	1021.445435	1240.299683	1097.667725	1066.509155	1041.233521	1133.30957	1159.540771
1095.513428	1108.557739	1132.014648	1157.73291	1052.680542	1020.216125	1009.131348	1206.943604	1081.962769	1050.581299	1029.779419	1118.666992	1144.232056
1080.847656	1090.404541	1107.5448	1140.886841	1032.073975	1005.334717	995.641052	1173.18396	1065.772217	1034.50769	1017.553894	1103.876465	1127.73877
1064.887939	1072.802734	1082.833252	1122.800903	1011.998535	989.556213	981.152405	1137.528076	1049.597046	1018.683472	1004.825684	1088.996826	1110.532349
1047.768799	1054.927856	1058.823242	1103.607056	991.947937	972.928711	965.997986	1100.174927	1034.095215	1003.042358	991.773804	1073.707153	1093.158691
1029.688599	1036.220703	1035.809326	1083.404907	971.678101	955.646545	950.30957	1062.780884	1019.565796	987.091187	978.386597	1057.581665	1075.94165
1010.921143	1016.553101	1013.182251	1062.195068	950.988708	937.760071	934.127686	1026.287354	1005.592957	970.281128	964.50116	1040.473877	1058.811401
991.55127	996.041931	990.289429	1039.993286	929.635925	919.170715	917.224976	991.84314	991.305115	952.415405	949.962891	1022.415771	1041.384277
971.456543	974.763794	966.816956	1016.739624	907.539856	899.835388	899.263062	960.035522	976.101501	933.755798	934.697205	1003.417603	1023.312744
950.469727	952.657227	942.77301	992.436401	884.691589	879.674316	880.172974	929.795532	959.845398	914.426636	918.671387	983.608704	1004.506042
928.635376	929.516724	918.256165	967.072388	861.00592	858.714661	860.142395	899.43866	942.592834	894.440002	901.842224	962.965698	984.828064
905.99054	905.22644	893.345032	940.747498	836.386719	836.958923	839.292419	867.755981	924.552063	873.910645	884.253174	941.356262	964.125549
882.563049	879.868774	867.900085	913.522949	810.834351	814.338989	817.683777	834.556213	905.890625	852.873169	865.892944	918.69635	942.330811
858.464478	853.57782	841.818054	885.300659	784.55304	790.998596	795.251892	800.058472	886.608215	831.270142	846.593628	894.963074	919.493958
833.725525	826.643311	815.003235	855.962708	757.760254	767.156067	771.917542	764.580811	866.468811	809.003418	826.235291	870.118652	895.574097
808.38446	799.045898	787.431458	825.556396	730.52063	742.740662	747.731384	728.690125	845.075928	785.90509	804.760803	844.113098	870.30304
782.457642	770.780701	759.164795	794.162659	702.874329	717.662598	722.740479	692.848572	822.259888	761.807007	782.204529	817.031189	843.516235
755.853882	741.817078	730.264648	761.981812	674.710876	691.90863	697.086365	657.388672	798.135193	736.725342	758.645813	789.089722	815.289124
728.575623	712.150818	700.773438	729.399414	645.868347	665.343384	670.772888	622.658142	772.88739	710.855347	734.158203	760.527405	785.768555
700.608887	681.918518	670.818726	696.575684	616.424866	638.069214	643.80603	588.766113	746.650513	684.412842	708.860718	731.2995	755.153442
672.011902	651.138672	640.456116	663.424133	586.532776	610.335327	616.177795	555.788635	719.433472	657.401428	682.888123	701.36377	723.568848
642.879822	619.820801	609.659302	629.788391	556.232727	582.304077	587.774597	523.818726	691.30365	629.559082	656.223938	670.816223	691.078857
613.326477	588.074402	578.315735	595.613647	525.528625	553.964417	558.384155	492.840912	662.319946	600.736389	628.888672	639.829407	657.656677
583.290161	555.96521	546.34967	560.957031	494.571106	525.222656	527.986816	462.722046	632.517822	570.935913	600.932251	608.549988	623.422302
552.628906	523.576172	513.828247	525.852783	463.639069	496.200226	496.658783	433.445435	602.111938	540.312256	572.427002	577.094604	588.682434
521.359009	490.964478	480.867645	490.48175	432.842529	466.954224	464.925781	405.118042	571.178101	509.254181	543.463257	545.715881	553.935669
489.600372	458.151642	447.703278	455.037048	402.207733	437.392365	433.239838	377.786896	539.61499	478.038086	514.216309	514.658508	519.741699
457.51651	425.263702	414.552887	419.61264	371.829315	407.385315	401.658142	351.325867	507.37262	446.851135	484.882111	483.858246	486.411926
425.166046	392.412354	381.663086	384.645905	341.742401	377.133392	370.364319	325.460419	474.248108	415.82959	455.443604	453.332306	453.983734
392.682343	359.641266	349.330688	350.516571	312.02121	347.084167	339.589111	300.009827	440.199005	385.019562	425.929504	423.144409	422.514435
360.321655	327.38324	317.736359	317.528412	282.87674	317.553223	309.450928	274.935944	405.805908	354.411377	396.201172	393.18988	392.156464
328.361237	296.29776	287.214661	286.054016	254.711075	288.749725	280.177643	250.294662	371.826752	324.055603	366.082916	363.462097	362.899292
297.019165	266.817291	258.135254	256.26886	227.828201	260.893005	252.055725	225.992935	338.457855	294.09314	335.568207	334.070129	334.450439
266.570435	238.991638	230.625153	228.270691	202.39212	234.150986	225.381195	201.906204	305.597626	264.60025	304.676666	305.013458	306.391754
237.378128	212.575729	204.768021	201.861893	178.400879	208.654205	200.364227	178.263062	273.482025	235.702606	273.569672	276.199402	278.521881
209.521164	187.556595	180.503738	176.799881	155.648102	184.531769	177.065414	155.563705	242.570526	207.597137	242.569763	247.550766	250.740631
182.882141	163.875748	157.475952	152.779419	133.901291	161.692047	155.185806	134.1409	213.011948	180.442383	212.136398	219.117142	223.059006
157.457001	141.151108	135.419785	129.59613	113.316872	140.016617	134.37236	114.117615	184.625488	154.219681	182.671127	190.959534	195.397675
133.28627	119.237457	114.333488	107.371498	94.314537	119.440964	114.466049	95.5634	157.273361	128.882339	154.451675	163.157974	167.638412
110.524429	98.463341	94.568535	86.493874	77.191513	99.964165	95.601944	78.674454	130.848969	104.729912	127.594543	136.020874	139.92244
89.489487	79.378181	76.440582	67.407768	61.925957	81.790291	77.985939	63.718933	105.335434	82.176567	102.374176	109.985962	112.436249
70.568291	62.255093	60.056774	50.401035	48.140049	65.186623	61.7047	50.857086	80.887772	61.361858	79.228264	85.688293	85.794334
53.771358	46.910992	45.20554	35.09594	35.16769	50.070915	46.615978	39.907501	57.692787	42.100662	58.24551	63.407471	60.780991
38.561634	32.583355	31.247623	20.778912	22.408495	35.842243	32.147404	30.018942	36.061596	24.208477	39.243591	43.0392	37.801697
24.118723	18.289406	17.610176	8.362382	10.543006	21.732376	17.857256	20.020452	17.0352	9.306033	22.164673	24.513613	17.832958
10.8483	6.033552	6.222785	1.174241	2.594917	8.830602	6.008479	9.957376	4.101799	1.047753	8.331748	9.462601	4.363528
